1 -57.5000 -18.0000
-57.0000 -18.0000
-57.0000 -18.5000
-57.5000 -18.5000
-57.5000 -18.0000
END
2 -57.0000 -18.5000
-56.5000 -18.5000
-56.5000 -19.0000
-57.0000 -19.0000
-57.0000 -18.5000
END
3 -57.5000 -19.0000
-57.0000 -19.0000
-57.0000 -19.5000
-57.5000 -19.5000
-57.5000 -19.0000
END
4 -57.5000 -19.5000
-57.0000 -19.5000
-57.0000 -20.0000
-57.5000 -20.0000
-57.5000 -19.5000
END
5 -56.5000 -19.5000
-56.0000 -19.5000
-56.0000 -20.0000
-56.5000 -20.0000
-56.5000 -19.5000
END
6 -57.0000 -20.0000
-56.5000 -20.0000
-56.5000 -20.5000
-57.0000 -20.5000
-57.0000 -20.0000
END
7 -56.0000 -20.0000
-55.5000 -20.0000
-55.5000 -20.5000
-56.0000 -20.5000
-56.0000 -20.0000
END
8 -55.0000 -20.0000
-54.5000 -20.0000
-54.5000 -20.5000
-55.0000 -20.5000
-55.0000 -20.0000
END
9 -57.0000 -20.5000
-56.5000 -20.5000
-56.5000 -21.0000
-57.0000 -21.0000
-57.0000 -20.5000
END
10 -55.0000 -20.5000
-54.5000 -20.5000
-54.5000 -21.0000
-55.0000 -21.0000
-55.0000 -20.5000
END
11 -58.0000 -21.5000
-57.5000 -21.5000
-57.5000 -22.0000
-58.0000 -22.0000
-58.0000 -21.5000
END
